0.00 257.25
0.25 257.0
0.50 257.25
0.75 257.25
1.00 257.0
1.25 257.25
1.50 257.5
1.75 257.25
2.00 257.25
2.25 257.5
2.50 257.5
2.75 257.5
3.00 257.75
3.25 257.75
3.50 258.25
3.75 258.0
4.00 258.0
4.25 258.25
4.50 258.25
4.75 258.25
5.00 258.25
5.25 259.0
5.50 259.0
5.75 258.75
6.00 259.5
6.25 259.0
6.50 259.75
6.75 259.75
7.00 259.75
7.25 259.5
7.50 260.25
7.75 0
8.00 260.5
8.25 260.5
8.50 260.5
8.75 260.25
9.00 260.5
9.25 261.0
9.50 260.75
9.75 261.5
10.00 261.0
10.25 261.75
10.50 262.5
10.75 262.75
11.00 262.0
11.25 262.0
11.50 263.75
11.75 263.25
12.00 263.75
12.25 263.25
12.50 263.75
12.75 263.75
13.00 265.25
13.25 263.75
13.50 264.75
13.75 265.25
14.00 266.0
14.25 265.25
14.50 266.0
14.75 266.25
15.00 266.25
15.25 266.5
15.50 266.25
15.75 266.75
16.00 267.0
16.25 266.25
16.50 266.75
16.75 265.0
17.00 264.25
17.25 264.5
17.50 263.75
17.75 264.25
18.00 262.5
18.25 264.25
18.50 261.25
18.75 261.25
19.00 258.25
19.25 257.75
19.50 255.75
19.75 255.75
20.00 253.75
20.25 253.0
20.50 252.75
20.75 251.75
21.00 250.75
21.25 251.5
21.50 248.25
21.75 248.0
22.00 249.25
22.25 247.75
22.50 250.75
22.75 245.75
23.00 245.75
23.25 249.5
23.50 243.25
23.75 244.25
24.00 243.25
24.25 241.5
24.50 239.25
24.75 243.5
25.00 239.25
25.25 241.5
25.50 237.75
25.75 240.0
26.00 235.5
26.25 235.0
26.50 237.5
26.75 233.0
27.00 232.25
27.25 233.75
27.50 235.75
27.75 235.0
28.00 234.0
28.25 233.5
28.50 230.5
28.75 228.75
29.00 232.0
29.25 230.75
29.50 230.5
29.75 226.5
30.00 225.75
30.25 228.75
30.50 227.25
30.75 227.5
31.00 227.0
31.25 224.25
31.50 224.5
31.75 223.5
32.00 223.0
32.25 223.0
32.50 221.5
32.75 223.0
33.00 220.5
33.25 221.5
33.50 221.5
33.75 220.75
34.00 220.5
34.25 219.25
34.50 218.5
34.75 219.25
35.00 216.5
35.25 218.5
35.50 216.0
35.75 215.25
36.00 216.5
36.25 216.25
36.50 216.0
36.75 215.0
37.00 215.0
37.25 214.25
37.50 213.25
37.75 214.0
38.00 212.75
38.25 213.25
38.50 212.75
38.75 212.5
39.00 212.5
39.25 212.0
39.50 211.25
39.75 210.5
40.00 210.75
40.25 211.0
40.50 210.25
40.75 208.75
41.00 208.25
41.25 209.0
41.50 208.0
41.75 208.25
42.00 208.0
42.25 207.25
42.50 207.5
42.75 207.5
43.00 206.75
43.25 206.75
43.50 206.75
43.75 206.25
44.00 206.25
44.25 205.5
44.50 205.25
44.75 204.75
45.00 204.75
45.25 204.75
45.50 204.25
45.75 204.0
46.00 203.75
46.25 203.5
46.50 203.5
46.75 203.25
47.00 203.0
47.25 202.75
47.50 202.25
47.75 202.75
48.00 202.5
48.25 202.25
48.50 202.25
48.75 202.0
49.00 201.75
49.25 201.5
49.50 201.5
49.75 201.25
50.00 201.0
50.25 201.0
50.50 200.75
50.75 200.75
51.00 200.5
51.25 200.5
51.50 200.25
51.75 200.25
52.00 200.25
52.25 200.0
52.50 199.75
52.75 199.75
53.00 199.75
53.25 199.75
53.50 199.5
53.75 199.5
54.00 199.0
54.25 199.0
54.50 199.0
54.75 199.0
55.00 199.0
55.25 198.75
55.50 198.75
55.75 198.5
56.00 198.5
56.25 198.5
56.50 198.25
56.75 198.5
57.00 198.25
57.25 198.5
57.50 198.5
57.75 198.25
58.00 198.0
58.25 198.25
58.50 198.5
58.75 198.0
59.00 197.75
59.25 198.0
59.50 198.0
59.75 198.0
60.00 198.0
60.25 198.25
60.50 198.25
60.75 198.25
61.00 198.25
61.25 198.5
61.50 198.5
61.75 199.0
62.00 199.0
62.25 198.75
62.50 199.0
62.75 199.0
63.00 199.0
63.25 199.25
63.50 199.25
63.75 199.5
64.00 199.5
64.25 199.5
64.50 199.75
64.75 200.0
65.00 200.25
65.25 200.25
65.50 200.25
65.75 200.25
66.00 200.5
66.25 200.75
66.50 201.0
66.75 201.0
67.00 200.75
67.25 201.0
67.50 201.25
67.75 201.5
68.00 201.5
68.25 201.75
68.50 201.75
68.75 202.0
69.00 202.25
69.25 202.25
69.50 202.5
69.75 203.25
70.00 202.75
70.25 203.0
70.50 203.25
70.75 203.5
71.00 203.5
71.25 203.5
71.50 203.75
71.75 204.25
72.00 204.5
72.25 204.5
72.50 204.75
72.75 205.0
73.00 205.25
73.25 205.75
73.50 206.0
73.75 206.25
74.00 206.5
74.25 206.75
74.50 207.25
74.75 207.25
75.00 207.75
75.25 208.25
75.50 208.0
75.75 208.0
76.00 208.25
76.25 208.75
76.50 208.75
76.75 209.25
77.00 210.75
77.25 210.0
77.50 212.0
77.75 210.5
78.00 211.25
78.25 211.25
78.50 211.75
78.75 212.0
79.00 213.75
79.25 214.25
79.50 212.75
79.75 214.5
80.00 214.75
80.25 213.5
80.50 213.75
80.75 215.75
81.00 216.5
81.25 214.75
81.50 216.0
81.75 216.75
82.00 217.75
82.25 216.75
82.50 217.0
82.75 217.75
83.00 220.0
83.25 218.5
83.50 219.0
83.75 219.25
84.00 219.5
84.25 219.75
84.50 223.25
84.75 221.25
85.00 222.5
85.25 225.0
85.50 222.25
85.75 224.5
86.00 223.75
86.25 226.75
86.50 227.0
86.75 224.75
87.00 225.75
87.25 226.0
87.50 226.25
87.75 226.75
88.00 231.25
88.25 228.5
88.50 230.0
88.75 232.75
89.00 229.5
89.25 230.0
89.50 230.25
89.75 234.75
90.00 236.25
90.25 233.25
90.50 236.25
90.75 233.25
91.00 239.25
91.25 239.0
91.50 239.5
91.75 237.5
92.00 240.0
92.25 238.25
92.50 241.5
92.75 243.0
93.00 238.75
93.25 243.5
93.50 245.5
93.75 243.25
94.00 247.5
94.25 247.25
94.50 249.25
94.75 244.0
95.00 245.0
95.25 245.0
95.50 251.25
95.75 253.5
96.00 254.75
96.25 252.25
96.50 250.25
96.75 254.5
97.00 254.5
97.25 252.75
97.50 254.75
97.75 0
98.00 0
98.25 0
98.50 258.0
98.75 258.0
99.00 260.0
99.25 255.75
99.50 0
99.75 255.75
100.00 256.0
100.25 256.25
100.50 255.75
100.75 257.25
101.00 256.5
101.25 256.5
101.50 256.25
101.75 255.5
102.00 255.5
102.25 254.75
102.50 255.25
102.75 254.25
103.00 253.75
103.25 253.25
103.50 254.5
103.75 253.5
104.00 252.25
104.25 252.0
104.50 253.0
104.75 251.5
105.00 251.75
105.25 251.25
105.50 252.75
105.75 250.25
106.00 250.75
106.25 250.25
106.50 250.5
106.75 250.0
107.00 250.0
107.25 248.75
107.50 249.0
107.75 248.5
108.00 248.5
108.25 248.0
108.50 249.25
108.75 248.25
109.00 247.25
109.25 248.25
109.50 247.0
109.75 246.75
110.00 247.75
110.25 246.75
110.50 247.75
110.75 247.75
111.00 246.0
111.25 246.75
111.50 246.0
111.75 245.75
112.00 245.5
112.25 246.75
112.50 245.5
112.75 245.0
113.00 245.0
113.25 245.0
113.50 245.0
113.75 244.75
114.00 244.25
114.25 244.75
114.50 244.5
114.75 244.25
115.00 244.5
115.25 244.0
115.50 244.25
115.75 244.25
116.00 244.0
116.25 244.25
116.50 244.0
116.75 243.75
117.00 244.0
117.25 243.75
117.50 243.75
117.75 243.5
118.00 243.5
118.25 243.5
118.50 243.5
118.75 243.75
119.00 243.75
119.25 243.5
119.50 243.75
119.75 243.75
120.00 243.5
120.25 243.75
120.50 243.75
120.75 243.5
121.00 243.5
121.25 243.75
121.50 243.5
121.75 244.0
122.00 244.5
122.25 244.5
122.50 244.0
122.75 244.0
123.00 244.5
123.25 244.5
123.50 245.0
123.75 244.75
124.00 244.75
124.25 245.25
124.50 244.5
124.75 245.0
125.00 245.75
125.25 244.75
125.50 245.5
125.75 245.5
126.00 245.5
126.25 246.25
126.50 246.25
126.75 246.75
127.00 246.25
127.25 246.75
127.50 247.0
127.75 247.75
128.00 247.75
128.25 246.75
128.50 248.25
128.75 247.25
129.00 248.25
129.25 247.25
129.50 248.25
129.75 248.75
130.00 249.25
130.25 249.75
130.50 248.0
130.75 248.75
131.00 250.5
131.25 250.75
131.50 249.25
131.75 251.0
132.00 250.5
132.25 252.0
132.50 251.5
132.75 250.75
133.00 252.25
133.25 251.0
133.50 252.5
133.75 253.5
134.00 253.0
134.25 252.5
134.50 254.25
134.75 252.75
135.00 254.75
135.25 253.75
135.50 254.75
135.75 254.25
136.00 256.0
136.25 254.75
136.50 256.5
136.75 256.5
137.00 256.0
137.25 256.25
137.50 257.25
137.75 258.25
138.00 258.5
138.25 259.5
138.50 257.75
138.75 259.5
139.00 258.25
139.25 259.0
139.50 260.75
139.75 261.5
140.00 260.5
140.25 262.75
140.50 262.25
140.75 261.5
141.00 262.0
141.25 264.5
141.50 264.5
141.75 263.75
142.00 264.75
142.25 266.75
142.50 266.25
142.75 267.25
143.00 267.25
143.25 268.25
143.50 268.75
143.75 267.5
144.00 270.0
144.25 270.25
144.50 269.25
144.75 271.0
145.00 272.75
145.25 272.0
145.50 274.0
145.75 274.0
146.00 273.0
146.25 274.5
146.50 275.75
146.75 276.0
147.00 277.0
147.25 276.25
147.50 279.25
147.75 279.5
148.00 279.5
148.25 281.5
148.50 279.75
148.75 282.75
149.00 283.25
149.25 282.0
149.50 282.75
149.75 285.75
150.00 284.75
150.25 286.75
150.50 285.75
150.75 288.5
151.00 290.25
151.25 290.25
151.50 288.75
151.75 291.0
152.00 292.25
152.25 292.75
152.50 294.75
152.75 292.75
153.00 295.25
153.25 297.0
153.50 297.25
153.75 297.75
154.00 297.0
154.25 299.5
154.50 299.25
154.75 302.0
155.00 301.75
155.25 304.0
155.50 306.5
155.75 306.5
156.00 306.25
156.25 309.25
156.50 308.5
156.75 308.5
157.00 311.25
157.25 310.0
157.50 313.75
157.75 313.75
158.00 314.25
158.25 315.75
158.50 316.5
158.75 316.75
159.00 319.25
159.25 320.0
159.50 322.75
159.75 322.5
160.00 325.25
160.25 326.25
160.50 328.75
160.75 330.0
161.00 331.75
161.25 332.25
161.50 331.25
161.75 333.25
162.00 334.0
162.25 336.75
162.50 339.25
162.75 339.75
163.00 342.0
163.25 341.5
163.50 344.75
163.75 343.0
164.00 344.75
164.25 345.25
164.50 346.75
164.75 348.0
165.00 348.5
165.25 348.75
165.50 349.0
165.75 349.25
166.00 348.75
166.25 349.25
166.50 349.25
166.75 349.25
167.00 349.0
167.25 348.0
167.50 347.75
167.75 347.5
168.00 347.5
168.25 347.25
168.50 346.25
168.75 346.0
169.00 345.75
169.25 345.75
169.50 345.75
169.75 344.75
170.00 345.25
170.25 344.5
170.50 344.5
170.75 344.25
171.00 344.0
171.25 343.75
171.50 343.75
171.75 343.5
172.00 343.0
172.25 343.0
172.50 343.25
172.75 342.5
173.00 342.25
173.25 342.25
173.50 342.25
173.75 342.25
174.00 342.25
174.25 341.75
174.50 342.0
174.75 342.0
175.00 341.75
175.25 341.5
175.50 341.5
175.75 341.5
176.00 341.5
176.25 341.25
176.50 341.0
176.75 341.0
177.00 341.0
177.25 341.25
177.50 340.75
177.75 340.75
178.00 340.75
178.25 340.75
178.50 340.75
178.75 340.75
179.00 341.0
179.25 340.75
179.50 341.0
179.75 341.0
180.00 340.75
180.25 341.0
180.50 341.0
180.75 0
181.00 341.0
181.25 341.0
181.50 341.25
181.75 341.25
182.00 341.25
182.25 341.5
182.50 341.5
182.75 341.5
183.00 341.75
183.25 341.5
183.50 342.0
183.75 342.0
184.00 342.0
184.25 342.0
184.50 342.25
184.75 342.25
185.00 342.5
185.25 342.75
185.50 343.0
185.75 343.0
186.00 343.5
186.25 343.5
186.50 343.5
186.75 344.0
187.00 344.0
187.25 344.0
187.50 344.75
187.75 344.75
188.00 345.0
188.25 345.0
188.50 345.75
188.75 345.75
189.00 346.0
189.25 346.5
189.50 346.5
189.75 346.5
190.00 347.25
190.25 347.25
190.50 347.5
190.75 348.25
191.00 348.25
191.25 349.25
191.50 349.5
191.75 349.25
192.00 350.25
192.25 350.0
192.50 351.25
192.75 351.25
193.00 351.5
193.25 352.25
193.50 352.0
193.75 353.0
194.00 353.25
194.25 353.0
194.50 353.25
194.75 354.25
195.00 355.25
195.25 356.0
195.50 355.5
195.75 356.5
196.00 356.25
196.25 356.5
196.50 357.75
196.75 358.75
197.00 358.25
197.25 359.0
197.50 359.75
197.75 360.5
198.00 360.5
198.25 361.25
198.50 362.25
198.75 362.25
199.00 363.75
199.25 363.75
199.50 364.75
199.75 365.75
200.00 367.25
200.25 367.75
200.50 368.25
200.75 368.25
201.00 369.25
201.25 369.5
201.50 371.5
201.75 371.75
202.00 373.0
202.25 373.25
202.50 373.25
202.75 374.75
203.00 375.75
203.25 375.0
203.50 376.75
203.75 377.0
204.00 379.0
204.25 379.75
204.50 379.0
204.75 381.0
205.00 381.25
205.25 382.0
205.50 383.5
205.75 384.25
206.00 385.25
206.25 385.5
206.50 387.5
206.75 389.0
207.00 389.5
207.25 389.75
207.50 390.25
207.75 390.25
208.00 392.5
208.25 394.0
208.50 395.75
208.75 396.25
209.00 397.0
209.25 398.5
209.50 399.5
209.75 400.75
210.00 402.0
210.25 402.5
210.50 405.25
210.75 405.25
211.00 406.75
211.25 407.5
211.50 408.75
211.75 410.5
212.00 411.5
212.25 414.0
212.50 413.5
212.75 414.5
213.00 417.0
213.25 418.25
213.50 421.0
213.75 421.0
214.00 423.5
214.25 423.75
214.50 423.75
214.75 425.0
215.00 427.5
215.25 427.75
215.50 430.25
215.75 432.0
216.00 431.25
216.25 432.25
216.50 432.25
216.75 432.0
217.00 433.25
217.25 432.25
217.50 433.75
217.75 431.75
218.00 431.0
218.25 430.25
218.50 429.25
218.75 428.5
219.00 427.75
219.25 427.75
219.50 426.75
219.75 426.0
220.00 424.75
220.25 424.25
220.50 424.25
220.75 423.5
221.00 423.0
221.25 422.5
221.50 421.0
221.75 421.0
222.00 420.0
222.25 419.75
222.50 419.75
222.75 418.75
223.00 418.25
223.25 418.0
223.50 417.0
223.75 416.75
224.00 416.0
224.25 415.5
224.50 415.0
224.75 414.5
225.00 414.25
225.25 413.75
225.50 413.25
225.75 413.0
226.00 412.25
226.25 411.75
226.50 412.0
226.75 411.25
227.00 411.0
227.25 410.75
227.50 410.25
227.75 410.25
228.00 410.0
228.25 409.25
228.50 409.25
228.75 408.25
229.00 408.25
229.25 408.25
229.50 407.75
229.75 407.75
230.00 406.75
230.25 406.5
230.50 406.75
230.75 406.5
231.00 405.75
231.25 406.25
231.50 405.25
231.75 405.0
232.00 404.75
232.25 404.5
232.50 404.5
232.75 404.0
233.00 404.0
233.25 403.75
233.50 403.5
233.75 403.25
234.00 403.25
234.25 403.25
234.50 402.75
234.75 402.5
235.00 402.5
235.25 402.5
235.50 402.5
235.75 402.25
236.00 402.0
236.25 402.0
236.50 401.75
236.75 401.75
237.00 401.75
237.25 402.0
237.50 401.75
237.75 401.75
238.00 401.5
238.25 401.75
238.50 401.75
238.75 401.75
239.00 401.75
239.25 401.5
239.50 401.5
239.75 401.5
240.00 401.75
240.25 401.5
240.50 401.75
240.75 401.75
241.00 401.75
241.25 402.0
241.50 402.0
241.75 402.0
242.00 402.5
242.25 402.5
242.50 402.25
242.75 402.5
243.00 402.75
243.25 403.0
243.50 403.0
243.75 403.25
244.00 403.5
244.25 403.75
244.50 403.5
244.75 404.25
245.00 403.75
245.25 404.5
245.50 404.5
245.75 405.25
246.00 405.25
246.25 405.5
246.50 406.25
246.75 406.25
247.00 406.25
247.25 407.25
247.50 407.5
247.75 407.5
248.00 408.0
248.25 408.0
248.50 409.0
248.75 409.25
249.00 409.5
249.25 409.5
249.50 410.0
249.75 410.5
250.00 410.75
250.25 411.0
250.50 411.25
250.75 411.75
251.00 412.0
251.25 412.75
251.50 413.5
251.75 413.25
252.00 414.25
252.25 415.0
252.50 415.5
252.75 415.5
253.00 415.75
253.25 416.25
253.50 416.75
253.75 417.5
254.00 418.0
254.25 418.0
254.50 419.0
254.75 419.0
255.00 420.25
255.25 420.25
255.50 420.75
255.75 422.25
256.00 422.0
256.25 423.75
256.50 423.75
256.75 424.5
257.00 424.5
257.25 425.25
257.50 427.25
257.75 427.25
258.00 428.25
258.25 428.5
258.50 428.75
258.75 429.0
259.00 430.75
259.25 431.25
259.50 431.25
259.75 432.75
260.00 433.25
260.25 435.0
260.50 434.5
260.75 435.0
261.00 436.5
261.25 437.0
261.50 438.5
261.75 438.75
262.00 435.0
262.25 435.0
262.50 436.0
262.75 443.0
263.00 441.75
263.25 440.25
263.50 435.25
263.75 441.5
264.00 438.75
264.25 438.75
264.50 435.0
264.75 436.5
265.00 434.0
265.25 432.75
265.50 431.25
265.75 429.75
266.00 428.5
266.25 427.5
266.50 426.5
266.75 425.0
267.00 424.5
267.25 423.5
267.50 421.5
267.75 421.0
268.00 420.25
268.25 419.0
268.50 417.25
268.75 417.5
269.00 415.5
269.25 414.5
269.50 413.5
269.75 413.5
270.00 411.5
270.25 410.75
270.50 410.0
270.75 409.5
271.00 407.5
271.25 406.25
271.50 405.25
271.75 405.75
272.00 404.5
272.25 404.0
272.50 402.75
272.75 401.25
273.00 400.75
273.25 400.0
273.50 398.25
273.75 398.25
274.00 396.5
274.25 396.25
274.50 395.25
274.75 395.0
275.00 394.0
275.25 393.25
275.50 392.0
275.75 392.25
276.00 391.5
276.25 389.25
276.50 389.5
276.75 388.5
277.00 387.25
277.25 387.0
277.50 386.75
277.75 385.5
278.00 385.0
278.25 385.25
278.50 384.5
278.75 384.0
279.00 382.5
279.25 382.0
279.50 381.75
279.75 381.25
280.00 381.5
280.25 380.25
280.50 380.0
280.75 378.75
281.00 378.5
281.25 378.5
281.50 377.25
281.75 377.25
282.00 376.25
282.25 375.75
282.50 375.75
282.75 375.25
283.00 374.25
283.25 374.25
283.50 373.5
283.75 373.75
284.00 373.25
284.25 371.75
284.50 371.75
284.75 371.5
285.00 371.0
285.25 371.0
285.50 370.0
285.75 369.75
286.00 369.25
286.25 369.0
286.50 368.75
286.75 368.5
287.00 368.25
287.25 368.0
287.50 367.25
287.75 367.5
288.00 366.75
288.25 366.25
288.50 365.75
288.75 366.25
289.00 365.25
289.25 365.5
289.50 364.75
289.75 364.75
290.00 364.0
290.25 363.75
290.50 363.75
290.75 363.75
291.00 363.25
291.25 363.25
291.50 362.5
291.75 362.25
292.00 362.0
292.25 361.75
292.50 361.75
292.75 361.5
293.00 361.5
293.25 361.25
293.50 360.75
293.75 360.75
294.00 360.75
294.25 360.5
294.50 360.25
294.75 360.0
295.00 360.0
295.25 359.5
295.50 359.75
295.75 359.5
296.00 359.25
296.25 359.5
296.50 359.0
296.75 359.25
297.00 359.0
297.25 358.75
297.50 358.75
297.75 358.5
298.00 358.75
298.25 359.75
298.50 359.0
298.75 359.5
299.00 360.0
299.25 360.25
299.50 361.0
299.75 360.5
300.00 360.5
300.25 359.0
300.50 359.0
300.75 360.75
301.00 360.5
301.25 360.5
301.50 359.75
301.75 360.0
302.00 360.0
302.25 360.0
302.50 360.0
302.75 360.0
303.00 360.25
303.25 360.0
303.50 360.25
303.75 360.25
304.00 360.5
304.25 360.5
304.50 360.75
304.75 361.0
305.00 361.0
305.25 361.0
305.50 361.75
305.75 361.5
306.00 361.75
306.25 362.0
306.50 362.0
306.75 362.75
307.00 363.0
307.25 363.25
307.50 363.5
307.75 363.25
308.00 364.0
308.25 363.75
308.50 364.0
308.75 364.5
309.00 364.75
309.25 365.0
309.50 365.75
309.75 366.25
310.00 366.5
310.25 366.5
310.50 366.5
310.75 367.5
311.00 367.5
311.25 368.0
311.50 368.0
311.75 367.25
312.00 368.5
312.25 368.25
312.50 369.5
312.75 367.5
313.00 368.0
313.25 365.75
313.50 365.25
313.75 365.0
314.00 365.5
314.25 362.75
314.50 359.25
314.75 358.0
315.00 358.5
315.25 354.0
315.50 356.0
315.75 353.0
316.00 350.0
316.25 350.0
316.50 350.0
316.75 347.5
317.00 345.5
317.25 346.0
317.50 342.5
317.75 341.5
318.00 342.25
318.25 340.25
318.50 338.75
318.75 338.5
319.00 335.5
319.25 333.25
319.50 332.0
319.75 332.0
320.00 331.0
320.25 332.0
320.50 328.75
320.75 329.0
321.00 325.75
321.25 326.75
321.50 323.75
321.75 322.5
322.00 320.75
322.25 322.5
322.50 320.75
322.75 319.25
323.00 319.0
323.25 316.5
323.50 314.5
323.75 314.75
324.00 314.0
324.25 312.25
324.50 314.0
324.75 311.25
325.00 311.25
325.25 309.5
325.50 308.25
325.75 306.25
326.00 309.0
326.25 305.0
326.50 305.75
326.75 304.25
327.00 304.75
327.25 304.5
327.50 301.25
327.75 300.75
328.00 301.75
328.25 300.5
328.50 298.75
328.75 297.75
329.00 298.0
329.25 296.5
329.50 295.5
329.75 296.0
330.00 294.0
330.25 295.25
330.50 294.0
330.75 291.75
331.00 292.75
331.25 290.75
331.50 290.25
331.75 289.25
332.00 289.5
332.25 288.0
332.50 288.0
332.75 289.0
333.00 286.75
333.25 286.75
333.50 285.5
333.75 284.75
334.00 283.5
334.25 283.5
334.50 283.5
334.75 282.0
335.00 282.0
335.25 282.0
335.50 282.5
335.75 280.5
336.00 280.5
336.25 281.0
336.50 279.5
336.75 279.75
337.00 279.0
337.25 279.0
337.50 277.75
337.75 276.5
338.00 276.25
338.25 275.0
338.50 275.75
338.75 273.5
339.00 275.0
339.25 274.0
339.50 273.75
339.75 274.0
340.00 272.5
340.25 272.25
340.50 271.75
340.75 270.5
341.00 270.5
341.25 270.0
341.50 269.5
341.75 269.75
342.00 269.5
342.25 269.0
342.50 269.75
342.75 267.75
343.00 268.5
343.25 267.0
343.50 267.5
343.75 267.5
344.00 267.5
344.25 266.5
344.50 265.75
344.75 266.25
345.00 265.25
345.25 265.0
345.50 265.0
345.75 265.0
346.00 264.5
346.25 264.25
346.50 264.25
346.75 263.25
347.00 263.5
347.25 263.5
347.50 263.0
347.75 262.75
348.00 262.25
348.25 261.75
348.50 262.5
348.75 261.75
349.00 261.5
349.25 261.0
349.50 261.75
349.75 260.75
350.00 261.0
350.25 260.0
350.50 260.5
350.75 259.75
351.00 260.0
351.25 259.75
351.50 259.75
351.75 260.0
352.00 259.25
352.25 259.0
352.50 259.0
352.75 258.75
353.00 259.0
353.25 258.25
353.50 258.25
353.75 258.5
354.00 259.0
354.25 258.25
354.50 258.0
354.75 257.75
355.00 257.75
355.25 258.0
355.50 258.0
355.75 257.75
356.00 257.25
356.25 257.75
356.50 257.5
356.75 257.5
357.00 257.5
357.25 257.25
357.50 257.5
357.75 257.75
358.00 257.25
358.25 257.0
358.50 257.0
358.75 257.25
359.00 257.25
359.25 257.0
359.50 257.25
359.75 257.0
360.00 0
360.25 0
360.50 0
360.75 0
